,CHOOSE_DX,dxONAngle,dON1,cIDON1,dON_patch_1,nTON,dON,dxOFFAngle,dOFF1,cIDOFF1,dOFF_patch_1,nTOFF,dOFF,SUCCESS,nExp,dual_point_id,subpoint_time_seconds,total_execution_time,logp,dOFF/dON,Vote dOFF>dON
0,along_decision_boundary,88.63722611925476,0.11171349993970167,[3 6],0.11171349993970167,1,0.11171349993970167,88.76583861356755,0.1969483853619267,[3 6],0.1969483853619267,1,0.1969483853619267,True,1,1,0.8774003982543945,2.1893770694732666,0.0,1.7629774867695605,True
1,along_decision_boundary,87.82571959901443,1.0430722731863038,[8 9],1.0430722731863038,1,1.0430722731863038,87.71568557736617,0.2813510142815983,[8 9],0.2813510142815983,1,0.2813510142815983,False,2,2,1.2340750694274902,3.638888359069824,-0.5,0.269733000784449,False
2,along_decision_boundary,84.73621710012202,0.6668299780104983,[2 5],0.6668299780104983,1,0.6668299780104983,84.82482213812916,0.21781136575495583,[2 5],0.21781136575495583,1,0.21781136575495583,False,3,3,0.9918618202209473,4.689643859863281,-0.0,0.32663703333314553,False
3,along_decision_boundary,85.27255855921737,3.050082199914778,[3 7],3.050082199914778,1,3.050082199914778,85.14313522487238,0.8216084186722601,[3 7],0.8216084186722601,1,0.8216084186722601,False,4,4,1.852088451385498,6.591495513916016,-0.16666666666666669,0.2693725495972589,False
4,along_decision_boundary,88.90755963903946,0.18011595412292708,[3 8],0.18011595412292708,1,0.18011595412292708,89.42535270451398,0.7719588251937783,[3 8],0.7719588251937783,1,0.7719588251937783,True,5,5,1.0660138130187988,7.7609381675720215,-0.5,4.285899208389531,True
5,along_decision_boundary,89.97236008543223,0.18324322196506307,[3 5],0.18324322196506307,1,0.18324322196506307,89.97486717434671,0.02345232181220654,[3 5],0.02345232181220654,1,0.02345232181220654,False,6,6,0.9200198650360107,8.71298623085022,-0.09999999999999995,0.12798466191932562,False
6,along_decision_boundary,89.49430855999705,0.12090063602633931,[3 9],0.12090063602633931,1,0.12090063602633931,89.37501125017744,0.827232054415279,[3 9],0.827232054415279,1,0.827232054415279,True,7,7,0.7629404067993164,9.547590255737305,-0.33333333333333337,6.842247333050084,True
7,along_decision_boundary,89.14113253266119,0.5792412016917886,[3 7],0.5792412016917886,1,0.5792412016917886,89.35197541089116,1.280487149816278,[3 7],1.280487149816278,1,1.280487149816278,True,8,8,1.4529492855072021,11.101351499557495,-0.07142857142857147,2.210628570751462,True
8,along_decision_boundary,87.71267556701083,0.19523317950153468,[6 7],0.19523317950153468,1,0.19523317950153468,88.01652571598508,0.06640977805078907,[6 7],0.06640977805078907,1,0.06640977805078907,False,9,9,0.8070495128631592,12.033875465393066,-0.0,0.34015620818318454,False
9,along_decision_boundary,89.55628123412299,0.3772263968859717,[3 4],0.3772263968859717,1,0.3772263968859717,89.42226502308273,0.03436530344920508,[3 4],0.03436530344920508,1,0.03436530344920508,False,10,10,0.9907033443450928,13.084428787231445,-0.05555555555555561,0.09109994351639462,False
10,along_decision_boundary,87.60239243350904,0.10660522651647676,[3 7],0.10660522651647676,1,0.10660522651647676,87.40989123460234,0.34942031529269446,[3 7],0.34942031529269446,1,0.34942031529269446,True,11,11,0.7183628082275391,13.83878469467163,-0.1999999999999999,3.2777034176526842,True
11,along_decision_boundary,86.02274394711316,0.992654034109104,[5 7],0.992654034109104,1,0.992654034109104,86.24288808412777,0.7052117127793216,[5 7],0.7052117127793216,1,0.7052117127793216,False,12,12,1.0668060779571533,14.96690320968628,-0.045454545454545484,0.7104305110815786,False
12,along_decision_boundary,88.9313986809569,0.4372828632031135,[6 7],0.4372828632031135,1,0.4372828632031135,88.51646400415315,0.20120619633671646,[6 7],0.20120619633671646,1,0.20120619633671646,False,13,13,1.3508706092834473,16.388672828674316,-0.1666666666666666,0.46012824482275266,False
13,along_decision_boundary,89.60286203513802,0.03777676023405487,[2 4],0.03777676023405487,1,0.03777676023405487,89.87319984577037,0.2024272084455102,[2 4],0.2024272084455102,1,0.2024272084455102,True,14,14,0.7768125534057617,17.302682876586914,-0.34615384615384603,5.358511613789124,True
14,along_decision_boundary,89.2588650027448,0.17316859160366788,[3 5],0.17316859160366788,1,0.17316859160366788,89.71489502640883,0.04482303335689111,[3 5],0.04482303335689111,1,0.04482303335689111,False,15,15,0.900230884552002,18.239919424057007,-0.14285714285714293,0.258840433717206,False
15,along_decision_boundary,88.55093458334392,0.11468062057946155,[5 9],0.11468062057946155,1,0.11468062057946155,88.72045068991586,1.5619267430506374,[5 9],1.5619267430506374,1,1.5619267430506374,True,16,16,1.3158886432647705,19.605316877365112,-0.2999999999999998,13.619796746464127,True
16,along_decision_boundary,87.9775867801977,0.22016580353506562,[2 6],0.22016580353506562,1,0.22016580353506562,86.99951711573665,0.09317329912645474,[2 6],0.09317329912645474,1,0.09317329912645474,False,17,17,1.2120347023010254,20.84637141227722,-0.125,0.4231960532945122,False
17,along_decision_boundary,88.35810311481279,0.15158810928788669,[8 9],0.15158810928788669,1,0.15158810928788669,88.55895249199413,0.05022764745009115,[8 9],0.05022764745009115,1,0.05022764745009115,False,18,18,1.3350088596343994,22.32572650909424,-0.2647058823529413,0.33134292449483577,False
18,along_decision_boundary,89.73622791623586,0.4452437250542656,[2 4],0.4452437250542656,1,0.4452437250542656,89.46907820678477,0.2968069093063066,[2 4],0.2968069093063066,1,0.2968069093063066,False,19,19,1.0975761413574219,23.500867128372192,-0.4444444444444444,0.6666167148568624,False
19,along_decision_boundary,89.17459697401785,1.2678030084797058,[3 5],1.2678030084797058,1,1.2678030084797058,89.89434302984981,1.1547278075753933,[3 5],1.1547278075753933,1,1.1547278075753933,False,20,20,1.4590590000152588,25.082483291625977,-0.6578947368421054,0.9108101178589981,False
20,along_decision_boundary,88.05474184447219,0.10839600176778572,[2 5],0.10839600176778572,1,0.10839600176778572,88.16055515519956,0.2578361645366003,[2 5],0.2578361645366003,1,0.2578361645366003,True,21,21,0.6901867389678955,25.90245270729065,-0.9000000000000002,2.3786501377509923,True
21,along_decision_boundary,87.95946089839501,1.5131967162585505,[3 5],1.5131967162585505,1,1.5131967162585505,88.0233405560993,0.46114154907370275,[3 5],0.46114154907370275,1,0.46114154907370275,False,22,22,1.263432264328003,27.19996476173401,-0.5952380952380955,0.30474659647286095,False
22,along_decision_boundary,89.98829832383677,0.019934162704399083,[8 9],0.019934162704399083,1,0.019934162704399083,89.84627382318041,0.032014796436619045,[8 9],0.032014796436619045,1,0.032014796436619045,True,23,23,0.7292041778564453,27.99720859527588,-0.818181818181818,1.6060266443773934,True
23,along_decision_boundary,89.31258372670032,0.6401334727381711,[0 2],0.6401334727381711,1,0.6401334727381711,89.24895139645494,0.08913087115273169,[1 2],0.08913087115273169,1,0.08913087115273169,False,24,24,0.8188047409057617,28.880196571350098,-0.5434782608695651,0.13923794794150407,False
24,along_decision_boundary,87.91110074982612,0.6016651346461458,[4 8],0.6016651346461458,1,0.6016651346461458,87.47459101475252,0.1328435637392778,[4 8],0.1328435637392778,1,0.1328435637392778,False,25,25,0.7394890785217285,29.696616888046265,-0.75,0.22079318891796249,False
25,along_decision_boundary,88.46586245351179,0.04223027497315511,[5 7],0.04223027497315511,1,0.04223027497315511,88.3544941069128,0.09925667805201623,[5 7],0.09925667805201623,1,0.09925667805201623,True,26,26,0.6576230525970459,30.540971040725708,-0.9800000000000001,2.35036778981694,True
26,along_decision_boundary,88.38209625006816,0.19418717035862834,[2 7],0.19418717035862834,1,0.19418717035862834,89.45107935159804,0.21173019394190687,[2 7],0.21173019394190687,1,0.21173019394190687,True,27,27,0.8119122982025146,31.451578855514526,-0.6923076923076921,1.0903407962064628,True
27,along_decision_boundary,89.99154289158207,0.5602570529452671,[1 8],0.5602570529452671,1,0.5602570529452671,89.68798703539099,8.249025635867197e-06,[1 8],8.249025635867197e-06,1,8.249025635867197e-06,False,28,28,0.90104079246521,32.43630313873291,-0.4629629629629632,1.4723644428039114e-05,False
28,along_decision_boundary,88.2286190981575,0.2896955670859227,[4 7],0.2896955670859227,1,0.2896955670859227,88.06374514989336,0.8760229655583781,[4 7],0.8760229655583781,1,0.8760229655583781,True,29,29,0.6947946548461914,33.18568158149719,-0.642857142857143,3.0239432876739625,True
29,along_decision_boundary,87.06487410898723,2.0649347094199254e-06,[1 9],2.0649347094199254e-06,1,2.0649347094199254e-06,87.17998719985663,1.24310220969968,[1 9],1.24310220969968,1,1.24310220969968,True,30,30,1.6364593505859375,34.866172552108765,-0.4310344827586207,602005.5762677785,True
30,along_decision_boundary,89.96151984789662,1.8885689721159094,[0 3],1.8885689721159094,1,1.8885689721159094,87.77123937930394,1.3889259276405526,[1 3],1.3889259276405526,1,1.3889259276405526,False,31,31,0.8783674240112305,35.760661363601685,-0.26666666666666655,0.7354382858913708,False
31,along_decision_boundary,89.92060996286453,0.0762989816001012,[3 7],0.0762989816001012,1,0.0762989816001012,89.44715274651641,0.08991247261286371,[3 7],0.08991247261286371,1,0.08991247261286371,True,32,32,1.2821226119995117,37.24355745315552,-0.4032258064516127,1.1784229714115142,True
32,along_decision_boundary,88.73106752159323,0.19302217043679457,[8 9],0.19302217043679457,1,0.19302217043679457,88.56145314594579,0.012921855232552657,[8 9],0.012921855232552657,1,0.012921855232552657,False,33,33,1.0969140529632568,38.41531562805176,-0.25,0.06694492763868252,False
33,along_decision_boundary,87.93847009898006,0.28801981304419655,[0 1],0.28801981304419655,1,0.28801981304419655,88.58022997894008,0.10250553296501665,[0 1],0.10250553296501665,1,0.10250553296501665,False,34,34,1.3550269603729248,39.83734846115112,-0.3787878787878787,0.3558975053889338,False
34,along_decision_boundary,89.63969735242006,0.31393845754619715,[4 7],0.31393845754619715,1,0.31393845754619715,89.42359885254561,0.07017078469847714,[4 7],0.07017078469847714,1,0.07017078469847714,False,35,35,1.013298749923706,40.97612166404724,-0.5294117647058826,0.22351764497712504,False
35,along_decision_boundary,89.70835601604014,0.38758395953148067,[2 7],0.38758395953148067,1,0.38758395953148067,89.92941229016046,0.23719876987979716,[2 7],0.23719876987979716,1,0.23719876987979716,False,36,36,1.0162546634674072,42.05200147628784,-0.6999999999999996,0.6119932573229496,False
36,along_decision_boundary,88.52149392845067,0.5460244360369454,[3 7],0.5460244360369454,1,0.5460244360369454,88.21870909548524,0.24717713148370912,[3 7],0.24717713148370912,1,0.24717713148370912,False,37,37,1.4861721992492676,43.636855602264404,-0.8888888888888888,0.4526851092557779,False
37,along_decision_boundary,88.85384781266511,0.4182614832214753,[0 1],0.4182614832214753,1,0.4182614832214753,88.49892319783523,0.021805897507664346,[0 1],0.021805897507664346,1,0.021805897507664346,False,38,38,1.254126787185669,44.94798183441162,-1.094594594594594,0.05213460570099355,False
38,along_decision_boundary,88.49589714899571,0.08285441110822878,[2 9],0.08285441110822878,1,0.08285441110822878,88.40882251559069,0.08652658838813146,[2 9],0.08652658838813146,1,0.08652658838813146,True,39,39,0.9732992649078369,46.03686213493347,-1.3157894736842108,1.0443208421951837,True
39,along_decision_boundary,88.22892148243135,1.5978382901176835,[2 3],1.5978382901176835,1,1.5978382901176835,88.32696639471324,1.8679023208313326,[2 3],1.8679023208313326,1,1.8679023208313326,True,40,40,1.8127291202545166,47.95428919792175,-1.038461538461538,1.1690183746277343,True
40,along_decision_boundary,86.42155787158939,1.5152532574608995e-05,[1 4],1.5152532574608995e-05,1,1.5152532574608995e-05,88.08508077605201,0.8552757503881196,[0 4],0.8552757503881196,1,0.8552757503881196,True,41,41,0.9733412265777588,49.06750679016113,-0.7999999999999996,56444.40928781107,True
41,along_decision_boundary,88.86995229967391,0.25330228351072953,[1 9],0.25330228351072953,1,0.25330228351072953,88.77860055836743,4.812953813695382e-06,[1 9],4.812953813695382e-06,1,4.812953813695382e-06,False,42,42,0.7164642810821533,49.88375115394592,-0.5975609756097564,1.9000830734680337e-05,False
42,along_decision_boundary,89.3718961960769,0.19303799913104053,[0 1],0.19303799913104053,1,0.19303799913104053,89.73960955164532,0.1722354430164468,[0 1],0.1722354430164468,1,0.1722354430164468,False,43,43,0.7541186809539795,50.73551392555237,-0.7619047619047618,0.8922359524640935,False
43,along_decision_boundary,89.65790551267817,0.03814567111619194,[3 4],0.03814567111619194,1,0.03814567111619194,89.98052411543178,0.016921251327511114,[3 4],0.016921251327511114,1,0.016921251327511114,False,44,44,0.782707691192627,51.62281322479248,-0.9418604651162794,0.4435955858783788,False
44,along_decision_boundary,89.87153887428647,0.4905504528234195,[2 7],0.4905504528234195,1,0.4905504528234195,89.68938063986037,0.020316660036929723,[2 7],0.020316660036929723,1,0.020316660036929723,False,45,45,0.8113939762115479,52.53406500816345,-1.1363636363636365,0.04141604583176889,False
45,along_decision_boundary,89.51513620014013,0.21002867483808155,[2 3],0.21002867483808155,1,0.21002867483808155,89.1721535300583,1.2784195029255179,[2 3],1.2784195029255179,1,1.2784195029255179,True,46,46,1.3409860134124756,53.978928089141846,-1.3444444444444448,6.086880774309014,True
46,along_decision_boundary,89.2535858562567,0.6922799494932632,[3 6],0.6922799494932632,1,0.6922799494932632,88.8850753035615,0.13259116556201198,[3 6],0.13259116556201198,1,0.13259116556201198,False,47,47,1.086324691772461,55.24247431755066,-1.0869565217391302,0.19152824758115033,False
47,along_decision_boundary,89.72467560335934,0.1992091907716377,[3 6],0.1992091907716377,1,0.1992091907716377,89.33603099073473,0.36971111272369483,[3 6],0.36971111272369483,1,0.36971111272369483,True,48,48,0.7845251560211182,56.12391495704651,-1.2872340425531916,1.855893853549714,True
48,along_decision_boundary,89.59029564557895,0.3122191215351572,[0 2],0.3122191215351572,1,0.3122191215351572,89.3450853839704,2.062360557538223e-06,[0 2],2.062360557538223e-06,1,2.062360557538223e-06,False,49,49,0.8336637020111084,56.99525809288025,-1.041666666666667,6.605490872556927e-06,False
49,along_decision_boundary,88.59316458341259,0.17910537104680097,[2 5],0.17910537104680097,1,0.17910537104680097,88.69127106241568,0.7690052654776144,[2 5],0.7690052654776144,1,0.7690052654776144,True,50,50,0.9262354373931885,58.23650407791138,-1.2346938775510208,4.2935913143368,True
50,along_decision_boundary,89.18679139615939,0.08282870679633693,[7 9],0.08282870679633693,1,0.08282870679633693,89.65091211592318,0.10530882885742514,[7 9],0.10530882885742514,1,0.10530882885742514,True,51,51,1.1858742237091064,59.477967262268066,-0.9999999999999996,1.2714049624891932,True
51,along_decision_boundary,88.932553550699,0.017205386327121572,[3 6],0.017205386327121572,1,0.017205386327121572,88.99389617598588,0.39264509126744185,[3 6],0.39264509126744185,1,0.39264509126744185,True,52,52,1.0394372940063477,60.549421310424805,-0.7941176470588238,22.82105637166071,True
52,along_decision_boundary,87.92996263358575,0.04148330965200907,[3 4],0.04148330965200907,1,0.04148330965200907,87.92358805156024,0.03653019497658548,[3 4],0.03653019497658548,1,0.03653019497658548,False,53,53,0.8132491111755371,61.522403717041016,-0.6153846153846154,0.8805998191327122,False
53,along_decision_boundary,89.78995056636512,0.4893160174613685,[3 5],0.4893160174613685,1,0.4893160174613685,89.92034068017269,0.5382937051367999,[3 5],0.5382937051367999,1,0.5382937051367999,True,54,54,1.1206457614898682,62.796693325042725,-0.764150943396226,1.1000941843872873,True
54,along_decision_boundary,89.23427499034189,0.01709669150675316,[7 9],0.01709669150675316,1,0.01709669150675316,89.6074569302341,0.0803262687070021,[7 9],0.0803262687070021,1,0.0803262687070021,True,55,55,0.847623348236084,63.86777400970459,-0.5925925925925926,4.69835164746778,True
55,along_decision_boundary,89.51025620375114,0.07844856157858172,[3 9],0.07844856157858172,1,0.07844856157858172,89.3623877756278,0.8147653858506197,[3 9],0.8147653858506197,1,0.8147653858506197,True,56,56,1.2753665447235107,65.18166399002075,-0.4454545454545457,10.385982476357725,True
56,along_decision_boundary,88.65038076880182,0.049137913021697545,[3 6],0.049137913021697545,1,0.049137913021697545,88.38195224005412,0.1427189396121976,[3 6],0.1427189396121976,1,0.1427189396121976,True,57,57,0.9096856117248535,66.19734311103821,-0.3214285714285712,2.9044566778645646,True
57,along_decision_boundary,89.70602188113644,0.020841128576675055,[7 9],0.020841128576675055,1,0.020841128576675055,89.73304189782206,0.0832550227056591,[7 9],0.0832550227056591,1,0.0832550227056591,True,58,58,0.6930062770843506,66.94937181472778,-0.21929824561403535,3.994746368909999,True
58,along_decision_boundary,87.936026759137,0.044094248256859654,[3 5],0.044094248256859654,1,0.044094248256859654,87.87119747285841,0.427799421088468,[3 5],0.427799421088468,1,0.427799421088468,True,59,59,1.5396134853363037,68.51854133605957,-0.13793103448275873,9.701932519552958,True
59,along_decision_boundary,89.6776257365468,0.2730370437681798,[3 7],0.2730370437681798,1,0.2730370437681798,89.85348205076103,0.26342752671999686,[3 7],0.26342752671999686,1,0.26342752671999686,False,60,60,1.282268762588501,69.93869638442993,-0.07627118644067789,0.9648050795029051,False
60,along_decision_boundary,87.11043324555195,0.40556430288994233,[4 9],0.40556430288994233,1,0.40556430288994233,87.18495551427341,0.24945777670502753,[4 9],0.24945777670502753,1,0.24945777670502753,False,61,61,0.8356044292449951,71.09842824935913,-0.13333333333333328,0.6150881005242779,False
61,along_decision_boundary,88.69469625740865,0.19449705720175836,[8 9],0.19449705720175836,1,0.19449705720175836,89.23756270232649,0.11627284798341594,[8 9],0.11627284798341594,1,0.11627284798341594,False,62,62,0.9842712879180908,72.16272211074829,-0.20491803278688514,0.5978128906228242,False
62,along_decision_boundary,89.36373402363888,0.3979901131490966,[3 7],0.3979901131490966,1,0.3979901131490966,89.59286050002343,0.8920526070997087,[3 7],0.8920526070997087,1,0.8920526070997087,True,63,63,1.3244142532348633,73.58099889755249,-0.2903225806451614,2.2413938880072743,True
63,along_decision_boundary,89.00651487609845,0.8132001485698276,[3 5],0.8132001485698276,1,0.8132001485698276,89.07450932137941,0.21867327100498157,[3 5],0.21867327100498157,1,0.21867327100498157,False,64,64,0.8725199699401855,74.5801568031311,-0.19841269841269865,0.26890461270766064,False
64,along_decision_boundary,89.97879395647577,0.08084338255432967,[3 5],0.08084338255432967,1,0.08084338255432967,89.8794289958603,0.08211526476300836,[3 5],0.08211526476300836,1,0.08211526476300836,True,65,65,0.8341977596282959,75.49022650718689,-0.28125,1.0157326693724615,True
65,along_decision_boundary,87.82187090678629,2.0400813064379735,[3 5],2.0400813064379735,1,2.0400813064379735,87.47776016464233,0.3783601710457805,[3 5],0.3783601710457805,1,0.3783601710457805,False,66,66,1.2424144744873047,76.78140091896057,-0.19230769230769204,0.18546328023876932,False
66,along_decision_boundary,87.96858930124966,0.6205782760124741,[3 5],0.6205782760124741,1,0.6205782760124741,87.75693824425804,0.47414937475506325,[3 5],0.47414937475506325,1,0.47414937475506325,False,67,67,1.1291799545288086,77.96236228942871,-0.27272727272727293,0.7640444293372791,False
67,along_decision_boundary,87.9076537854512,0.25160718177767954,[3 6],0.25160718177767954,1,0.25160718177767954,88.20333546208198,0.04282942669590497,[3 6],0.04282942669590497,1,0.04282942669590497,False,68,68,1.2911550998687744,79.41008305549622,-0.36567164179104455,0.170223387080219,False
68,along_decision_boundary,87.05228444864245,0.2877450173675436,[2 9],0.2877450173675436,1,0.2877450173675436,86.85370046063147,0.4196521070787309,[2 9],0.4196521070787309,1,0.4196521070787309,True,69,69,0.6809499263763428,80.20365309715271,-0.47058823529411786,1.4584165902087514,True
69,along_decision_boundary,87.77482293021853,0.08206698005505103,[7 9],0.08206698005505103,1,0.08206698005505103,87.97678565726723,1.480530119123994,[7 9],1.480530119123994,1,1.480530119123994,True,70,70,0.7093558311462402,81.02188229560852,-0.355072463768116,18.040509327025866,True
70,along_decision_boundary,89.84822353942731,0.03977978843779621,[3 9],0.03977978843779621,1,0.03977978843779621,89.58622846966807,0.47353926853796774,[3 9],0.47353926853796774,1,0.47353926853796774,True,71,71,0.8895225524902344,81.928293466568,-0.25714285714285734,11.904016766666386,True
71,along_decision_boundary,88.48241724441556,0.3702409708330753,[0 4],0.3702409708330753,1,0.3702409708330753,89.46621672359011,0.13000629592170682,[1 4],0.13000629592170682,1,0.13000629592170682,False,72,72,0.771477460861206,82.85367727279663,-0.17605633802816908,0.35113967973123295,False
72,along_decision_boundary,88.84436180949858,0.16258252134117462,[1 9],0.16258252134117462,1,0.16258252134117462,88.98731694486176,0.08003329465431011,[0 9],0.08003329465431011,1,0.08003329465431011,False,73,73,1.026984453201294,83.98354887962341,-0.2500000000000002,0.4922625999037289,False
73,along_decision_boundary,88.50601818087179,0.32274219165914675,[5 6],0.32274219165914675,1,0.32274219165914675,88.46845309790739,0.7471893110421542,[5 6],0.7471893110421542,1,0.7471893110421542,True,74,74,0.708737850189209,84.82827305793762,-0.3356164383561647,2.3151274619566102,True
74,along_decision_boundary,87.33891277717355,0.33358846650376806,[0 1],0.33358846650376806,1,0.33358846650376806,87.82248862635365,0.02390264692215705,[0 1],0.02390264692215705,1,0.02390264692215705,False,75,75,1.0997977256774902,85.9750907421112,-0.24324324324324295,0.07165309752064543,False
75,along_decision_boundary,89.53779995167211,0.32274746904719087,[0 1],0.32274746904719087,1,0.32274746904719087,89.64996071039441,0.19142831034754493,[0 1],0.19142831034754493,1,0.19142831034754493,False,76,76,0.7101743221282959,86.89557480812073,-0.326666666666667,0.593121027138264,False
76,along_decision_boundary,89.98020576088564,0.5373610908729834,[3 7],0.5373610908729834,1,0.5373610908729834,89.89489248180352,0.13660894297932052,[3 7],0.13660894297932052,1,0.13660894297932052,False,77,77,0.8232159614562988,87.8255627155304,-0.4210526315789473,0.2542218729632788,False
77,along_decision_boundary,89.91606627780483,0.6849009041962808,[3 5],0.6849009041962808,1,0.6849009041962808,89.16138653921128,2.0060564461561152,[3 5],2.0060564461561152,1,2.0060564461561152,True,78,78,1.9575345516204834,89.84989094734192,-0.5259740259740263,2.928973277543249,True
78,along_decision_boundary,88.5348263130171,0.04518783091428434,[3 6],0.04518783091428434,1,0.04518783091428434,88.65427046668547,0.2209019429953488,[3 6],0.2209019429953488,1,0.2209019429953488,True,79,79,0.7899022102355957,90.74364566802979,-0.41025641025641,4.8885272544807945,True
79,along_decision_boundary,86.42241228193096,0.056174518382684724,[1 9],0.056174518382684724,1,0.056174518382684724,84.51936472853492,3.451359825532983e-06,[0 9],3.451359825532983e-06,1,3.451359825532983e-06,False,80,80,1.008653163909912,91.79530453681946,-0.3101265822784812,6.14399540022907e-05,False
80,along_decision_boundary,86.50474587296947,0.41239996346504504,[1 9],0.41239996346504504,1,0.41239996346504504,86.52764979789289,2.066018745758207e-06,[1 9],2.066018745758207e-06,1,2.066018745758207e-06,False,81,81,0.9515895843505859,92.82467746734619,-0.3999999999999998,5.0097452201479705e-06,False
81,along_decision_boundary,88.58174955075528,0.5999821834122433,[6 9],0.5999821834122433,1,0.5999821834122433,88.47566266603276,0.6534706085668274,[6 9],0.6534706085668274,1,0.6534706085668274,True,82,82,1.3096399307250977,94.48116302490234,-0.5000000000000004,1.089150022506306,True
82,along_decision_boundary,87.71345074490182,1.5242125056769766,[1 8],1.5242125056769766,1,1.5242125056769766,87.91339804904992,1.3757294182229082e-06,[1 8],1.3757294182229082e-06,1,1.3757294182229082e-06,False,83,83,1.0187020301818848,95.6378390789032,-0.3902439024390242,9.025837362565662e-07,False
83,along_decision_boundary,87.50698076075763,0.18145844858837207,[8 9],0.18145844858837207,1,0.18145844858837207,87.88962087497215,0.20000658410671066,[8 9],0.20000658410671066,1,0.20000658410671066,True,84,84,1.472444772720337,97.32104253768921,-0.4879518072289158,1.1022169850047265,True
84,along_decision_boundary,87.94339928669514,0.26881656396405185,[2 7],0.26881656396405185,1,0.26881656396405185,87.76807220374961,0.06651393577679145,[2 7],0.06651393577679145,1,0.06651393577679145,False,85,85,0.7364246845245361,98.4940435886383,-0.3809523809523809,0.24743243048700744,False
85,along_decision_boundary,89.93847969810899,0.03777518713461527,[0 8],0.03777518713461527,1,0.03777518713461527,87.20456151689659,0.46848947229614635,[1 8],0.46848947229614635,1,0.46848947229614635,True,86,86,1.2877929210662842,99.87574410438538,-0.47647058823529376,12.402042394300842,True
86,along_decision_boundary,88.90472123004872,0.5575277477358113,[0 8],0.5575277477358113,1,0.5575277477358113,88.94441139107602,3.4376264434453757e-06,[0 8],3.4376264434453757e-06,1,3.4376264434453757e-06,False,87,87,1.1123859882354736,101.18850255012512,-0.37209302325581434,6.165839202454047e-06,False
87,along_decision_boundary,89.485068399473,0.018710643184553982,[2 4],0.018710643184553982,1,0.018710643184553982,89.19003014478734,0.21414024281187005,[2 4],0.21414024281187005,1,0.21414024281187005,True,88,88,0.8542773723602295,102.36230778694153,-0.46551724137931016,11.444836005886062,True
88,along_decision_boundary,88.90815893722787,0.8974836679311446,[3 5],0.8974836679311446,1,0.8974836679311446,88.6768170493856,0.49853786168939607,[3 5],0.49853786168939607,1,0.49853786168939607,False,89,89,1.0444080829620361,103.52931833267212,-0.36363636363636387,0.5554840489059953,False
89,along_decision_boundary,86.85179401757748,0.18013369229921863,[1 7],0.18013369229921863,1,0.18013369229921863,86.95907321337772,3.4418895896552137e-06,[1 7],3.4418895896552137e-06,1,3.4418895896552137e-06,False,90,90,0.7190346717834473,104.37220740318298,-0.4550561797752811,1.9107417084072857e-05,False
90,along_decision_boundary,89.97015862041293,0.03184697144330861,[1 8],0.03184697144330861,1,0.03184697144330861,89.69579515012869,1.3748365984222164e-06,[1 8],1.3748365984222164e-06,1,1.3748365984222164e-06,False,91,91,0.8814072608947754,105.28635215759277,-0.555555555555556,4.317008921459263e-05,False
91,along_decision_boundary,87.54159083367836,0.13430921306955282,[2 3],0.13430921306955282,1,0.13430921306955282,87.51267860435361,1.8198857918179008,[2 3],1.8198857918179008,1,1.8198857918179008,True,92,92,1.0022711753845215,106.37175393104553,-0.664835164835165,13.549969880885701,True
92,along_decision_boundary,88.59434707878421,0.1671167035147674,[4 7],0.1671167035147674,1,0.1671167035147674,88.90330966454225,0.15649936514966328,[4 7],0.15649936514966328,1,0.15649936514966328,False,93,93,0.6256892681121826,107.0412745475769,-0.5434782608695656,0.936467521547504,False
93,along_decision_boundary,89.99792743198475,0.23172064781016635,[8 9],0.23172064781016635,1,0.23172064781016635,89.60155086932882,0.10167500388848959,[8 9],0.10167500388848959,1,0.10167500388848959,False,94,94,1.0955002307891846,108.23966455459595,-0.6505376344086022,0.4387826671871956,False
94,along_decision_boundary,89.08201564741057,1.011428764166864,[1 3],1.011428764166864,1,1.011428764166864,89.00624421759345,0.024223110933537573,[0 3],0.024223110933537573,1,0.024223110933537573,False,95,95,1.6097190380096436,109.9612250328064,-0.7659574468085102,0.023949398901553565,False
95,along_decision_boundary,86.17759645935296,0.013854607031828637,[4 9],0.013854607031828637,1,0.013854607031828637,86.1038065160442,0.6976617756468291,[4 9],0.6976617756468291,1,0.6976617756468291,True,96,96,0.7810475826263428,110.85815858840942,-0.8894736842105261,50.355941099164205,True
96,along_decision_boundary,89.61271773506573,0.5631950542421894,[4 7],0.5631950542421894,1,0.5631950542421894,89.5140978069592,0.0582256030817555,[4 7],0.0582256030817555,1,0.0582256030817555,False,97,97,0.7700667381286621,111.77984166145325,-0.75,0.10338443607268767,False
97,along_decision_boundary,89.47481145718253,0.45648540478092064,[5 9],0.45648540478092064,1,0.45648540478092064,89.1572877645748,0.18826171144904558,[5 9],0.18826171144904558,1,0.18826171144904558,False,98,98,1.3675503730773926,113.22825813293457,-0.8711340206185563,0.4124156204718031,False
98,along_decision_boundary,88.46130377409494,0.3646264563918824,[1 9],0.3646264563918824,1,0.3646264563918824,88.36619690421279,0.7793915702118865,[0 9],0.7793915702118865,1,0.7793915702118865,True,99,99,2.1232545375823975,115.402517080307,-1.0000000000000007,2.1375069102891295,True
99,along_decision_boundary,89.95458140280668,0.08053406844552538,[4 9],0.08053406844552538,1,0.08053406844552538,89.66225068067152,0.0727985240725054,[4 9],0.0727985240725054,1,0.0727985240725054,False,100,100,0.8126921653747559,116.32654476165771,-0.8535353535353529,0.9039469317478671,False
100,along_decision_boundary,89.7758234758417,0.03653054798105517,[1 2],0.03653054798105517,1,0.03653054798105517,89.61790284080433,4.124543377860942e-06,[1 2],4.124543377860942e-06,1,4.124543377860942e-06,False,101,101,0.7691690921783447,117.25857329368591,-0.9800000000000001,0.00011290669332417187,False
101,along_decision_boundary,89.61255422301443,0.38036919026613764,[4 5],0.38036919026613764,1,0.38036919026613764,89.94880834671663,0.3159963649895348,[4 5],0.3159963649895348,1,0.3159963649895348,False,102,102,1.1333904266357422,118.54895091056824,-1.1138613861386142,0.8307622517177001,False
102,along_decision_boundary,88.99861462455112,0.5212296726496819,[2 6],0.5212296726496819,1,0.5212296726496819,88.67712140826086,0.44212054915097515,[2 6],0.44212054915097515,1,0.44212054915097515,False,103,103,1.2910242080688477,119.93985748291016,-1.2549019607843137,0.848225978585306,False
103,along_decision_boundary,88.62830980132657,1.1512715828003328,[5 6],1.1512715828003328,1,1.1512715828003328,88.45728886757418,0.925316115002286,[5 6],0.925316115002286,1,0.925316115002286,False,104,104,1.9059503078460693,121.93756818771362,-1.402912621359224,0.8037340005835664,False
104,along_decision_boundary,89.47248286088124,0.06943877417479279,[8 9],0.06943877417479279,1,0.06943877417479279,88.99125334378286,0.20078261538508263,[8 9],0.20078261538508263,1,0.20078261538508263,True,105,105,0.7947838306427002,122.78536438941956,-1.5576923076923086,2.891505758435025,True
105,along_decision_boundary,89.40469599299871,2.519663230412311,[0 1],2.519663230412311,1,2.519663230412311,89.19833472210297,0.4356799529487762,[0 1],0.4356799529487762,1,0.4356799529487762,False,106,106,1.3530733585357666,124.26735424995422,-1.3761904761904757,0.17291197795408664,False
106,along_decision_boundary,87.73980350421256,0.14872863555032353,[4 5],0.14872863555032353,1,0.14872863555032353,87.50240007945031,0.422949792542975,[4 5],0.422949792542975,1,0.422949792542975,True,107,107,0.8044164180755615,125.12287449836731,-1.528301886792452,2.843768390518627,True
107,along_decision_boundary,89.6893740410808,0.636981558700453,[3 9],0.636981558700453,1,0.636981558700453,89.2901371018795,0.7231296174740127,[3 9],0.7231296174740127,1,0.7231296174740127,True,108,108,1.2006652355194092,126.36509490013123,-1.3504672897196264,1.1352441960004553,True
108,along_decision_boundary,89.62153361752793,0.43799470100649557,[7 9],0.43799470100649557,1,0.43799470100649557,89.3289187619926,0.5116850117717014,[7 9],0.5116850117717014,1,0.5116850117717014,True,109,109,0.7791552543640137,127.31625509262085,-1.1851851851851851,1.1682447540937557,True
109,along_decision_boundary,88.6268951497538,0.024379072768056446,[4 6],0.024379072768056446,1,0.024379072768056446,89.04639263149987,0.7680897568381068,[4 6],0.7680897568381068,1,0.7680897568381068,True,110,110,1.2669267654418945,128.72465682029724,-1.0321100917431185,31.506110349058225,True
110,along_decision_boundary,88.92977153975315,0.18515418808651782,[8 9],0.18515418808651782,1,0.18515418808651782,89.18961811556719,0.08198236424773782,[8 9],0.08198236424773782,1,0.08198236424773782,False,111,111,0.8419179916381836,129.7642002105713,-0.8909090909090914,0.44277888118539105,False
111,along_decision_boundary,87.36233178315923,0.09264810346955651,[4 8],0.09264810346955651,1,0.09264810346955651,87.552406240098,0.31855605276800325,[4 8],0.31855605276800325,1,0.31855605276800325,True,112,112,1.3570897579193115,131.27299046516418,-1.013513513513513,3.4383440225808664,True
112,along_decision_boundary,87.59293544371171,0.19771527371164027,[1 2],0.19771527371164027,1,0.19771527371164027,88.66972438562645,0.07217304380346619,[0 2],0.07217304380346619,1,0.07217304380346619,False,113,113,1.4776251316070557,132.78763246536255,-0.875,0.3650352471439695,False
113,along_decision_boundary,87.69527274557088,0.10181821445071361,[1 2],0.10181821445071361,1,0.10181821445071361,88.48371715654827,0.3223609522462404,[0 2],0.3223609522462404,1,0.3223609522462404,True,114,114,1.179692029953003,134.06513619422913,-0.9955752212389377,3.1660440519931066,True
114,along_decision_boundary,88.26856230947747,0.06736861840368075,[0 1],0.06736861840368075,1,0.06736861840368075,87.80586592767446,0.22792964922327336,[0 1],0.22792964922327336,1,0.22792964922327336,True,115,115,0.8469624519348145,135.13471817970276,-0.8596491228070182,3.383320819457687,True
115,along_decision_boundary,88.66758852668936,0.0140379298264186,[2 8],0.0140379298264186,1,0.0140379298264186,88.95056202016383,2.1248777677585653,[2 8],2.1248777677585653,1,2.1248777677585653,True,116,116,1.14591646194458,136.4082989692688,-0.7347826086956524,151.36688913771772,True
116,along_decision_boundary,88.93719282433304,0.7251381561288092,[3 6],0.7251381561288092,1,0.7251381561288092,88.51660925560056,0.001928139918150504,[3 6],0.001928139918150504,1,0.001928139918150504,False,117,117,1.1423616409301758,137.652259349823,-0.6206896551724136,0.002658996636508534,False
117,along_decision_boundary,89.01597500505879,0.19469320760685027,[3 7],0.19469320760685027,1,0.19469320760685027,89.13584077327215,0.5332102343480096,[3 7],0.5332102343480096,1,0.5332102343480096,True,118,118,1.0810084342956543,138.852436542511,-0.7222222222222229,2.738720271252281,True
118,along_decision_boundary,89.32888941217782,0.20750356487416657,[3 5],0.20750356487416657,1,0.20750356487416657,89.50649978367971,0.01237518883967656,[3 5],0.01237518883967656,1,0.01237518883967656,False,119,119,0.9956257343292236,139.9107129573822,-0.6101694915254231,0.05963843969225815,False
119,along_decision_boundary,88.07403581449667,2.0634319820856424e-06,[0 9],2.0634319820856424e-06,1,2.0634319820856424e-06,88.71277713125201,0.14394531804838193,[1 9],0.14394531804838193,1,0.14394531804838193,True,120,120,0.8964755535125732,140.89304161071777,-0.7100840336134446,69760.14683211762,True
120,along_decision_boundary,89.15182868173777,4.812387555766667e-06,[0 9],4.812387555766667e-06,1,4.812387555766667e-06,89.09228860087491,0.01781917990886765,[0 9],0.01781917990886765,1,0.01781917990886765,True,121,121,0.6131048202514648,141.5571506023407,-0.5999999999999996,3702.773249738581,True
121,along_decision_boundary,88.38545198442978,0.13435235898307946,[5 9],0.13435235898307946,1,0.13435235898307946,88.48296086853144,0.9297511285267471,[5 9],0.9297511285267471,1,0.9297511285267471,True,122,122,0.7967126369476318,142.40773224830627,-0.5000000000000003,6.920244166638276,True
122,along_decision_boundary,85.47053293332499,0.042308779329835254,[1 8],0.042308779329835254,1,0.042308779329835254,88.46519166901815,0.41131690085756756,[0 8],0.41131690085756756,1,0.41131690085756756,True,123,123,0.9300541877746582,143.50679421424866,-0.4098360655737703,9.721786054165728,True
123,along_decision_boundary,89.22692060245568,0.27634760579154677,[7 8],0.27634760579154677,1,0.27634760579154677,89.29478440368538,0.9033024370182747,[7 8],0.9033024370182747,1,0.9033024370182747,True,124,124,1.158562183380127,144.7434856891632,-0.3292682926829264,3.2687181581723186,True
124,along_decision_boundary,89.21149979426539,0.3491287111770619,[3 6],0.3491287111770619,1,0.3491287111770619,89.25897496719239,0.017288397633680355,[3 6],0.017288397633680355,1,0.017288397633680355,False,125,125,0.8558926582336426,145.69623804092407,-0.2580645161290327,0.049518693479530196,False
125,along_decision_boundary,88.05852357576546,0.29152303070999325,[6 9],0.29152303070999325,1,0.29152303070999325,88.200527562533,0.061366358323026136,[6 9],0.061366358323026136,1,0.061366358323026136,False,126,126,1.2588310241699219,146.97906613349915,-0.32399999999999957,0.21050260822814137,False
126,along_decision_boundary,88.46855024315495,0.5335069121133857,[3 6],0.5335069121133857,1,0.5335069121133857,88.49406644641836,0.6509844847301698,[3 6],0.6509844847301698,1,0.6509844847301698,True,127,127,1.03560209274292,148.15742421150208,-0.3968253968253973,1.220198782713834,True
127,along_decision_boundary,89.47540829795896,0.06440257505462355,[0 1],0.06440257505462355,1,0.06440257505462355,89.64596311402067,0.4520127860644359,[0 1],0.4520127860644359,1,0.4520127860644359,True,128,128,0.9707355499267578,149.17016196250916,-0.31889763779527547,7.018551442718831,True
128,along_decision_boundary,89.74844214271403,0.5363028067250794,[7 9],0.5363028067250794,1,0.5363028067250794,89.70889411348178,0.23040519494979597,[7 9],0.23040519494979597,1,0.23040519494979597,False,129,129,1.021975040435791,150.38878107070923,-0.25,0.4296177309918625,False
129,along_decision_boundary,86.74376086697646,0.33697965520034096,[3 6],0.33697965520034096,1,0.33697965520034096,87.23680438097291,0.28139136636070294,[3 6],0.28139136636070294,1,0.28139136636070294,False,130,130,1.0824263095855713,151.52594470977783,-0.31395348837209314,0.8350396293016868,False
130,along_decision_boundary,89.72152869712905,0.07025192748369925,[2 7],0.07025192748369925,1,0.07025192748369925,89.02229917740708,0.39633364231983237,[2 7],0.39633364231983237,1,0.39633364231983237,True,131,131,0.7395670413970947,152.36139273643494,-0.3846153846153841,5.641605241532978,True
131,along_decision_boundary,87.07843307674472,0.039080481219439356,[0 9],0.039080481219439356,1,0.039080481219439356,89.284444472797,0.015282285180339202,[1 9],0.015282285180339202,1,0.015282285180339202,False,132,133,0.7139921188354492,153.29513311386108,-0.30916030534351147,0.3910464944003174,False
132,along_decision_boundary,89.70797097711352,0.5656231293230711,[2 5],0.5656231293230711,1,0.5656231293230711,89.79048742514712,0.369070058837741,[2 5],0.369070058837741,1,0.369070058837741,False,133,134,1.4424378871917725,154.836439371109,-0.37878787878787923,0.6525017095383604,False
133,along_decision_boundary,88.82084826944289,0.30400321853954393,[2 7],0.30400321853954393,1,0.30400321853954393,89.34938889744595,0.18438587531064826,[2 7],0.18438587531064826,1,0.18438587531064826,False,134,135,1.053581714630127,156.03481364250183,-0.45488721804511334,0.6065260631004268,False
134,along_decision_boundary,86.48826292521532,0.24502081862378106,[2 8],0.24502081862378106,1,0.24502081862378106,86.5957669557821,0.03774760232367336,[2 8],0.03774760232367336,1,0.03774760232367336,False,135,136,1.1124935150146484,157.34589409828186,-0.5373134328358213,0.1540587552343182,False
135,along_decision_boundary,85.0050131248445,0.1315091998404756,[2 9],0.1315091998404756,1,0.1315091998404756,85.51729664128189,0.667705441354283,[2 9],0.667705441354283,1,0.667705441354283,True,136,137,0.9643967151641846,158.4581892490387,-0.6259259259259263,5.077252710564954,True
136,along_decision_boundary,86.48372839424113,0.15282573939753027,[3 7],0.15282573939753027,1,0.15282573939753027,86.84766828841433,0.1749008067764782,[3 7],0.1749008067764782,1,0.1749008067764782,True,137,138,0.6677005290985107,159.20681023597717,-0.5294117647058826,1.1444460040957254,True
137,along_decision_boundary,89.26608099737346,0.035161085325019006,[0 1],0.035161085325019006,1,0.035161085325019006,89.11368011039413,0.20973146337826598,[0 1],0.20973146337826598,1,0.20973146337826598,True,138,139,0.7432820796966553,160.04079914093018,-0.4416058394160585,5.964874560599264,True
138,along_decision_boundary,89.28185446777975,0.036790936508149165,[6 7],0.036790936508149165,1,0.036790936508149165,89.11389434152927,0.012359710066394785,[6 7],0.012359710066394785,1,0.012359710066394785,False,139,140,0.7138266563415527,160.82172274589539,-0.36231884057971003,0.3359444265208394,False
139,along_decision_boundary,89.60442369679082,0.17444784068502386,[3 5],0.17444784068502386,1,0.17444784068502386,89.16747308119916,0.10386121974465344,[3 5],0.10386121974465344,1,0.10386121974465344,False,140,141,0.8104193210601807,161.72870874404907,-0.43525179856115054,0.5953711971257997,False
140,along_decision_boundary,87.20149965351526,0.12657624776268328,[1 9],0.12657624776268328,1,0.12657624776268328,89.83142107819317,1.0095327085245462,[0 9],1.0095327085245462,1,1.0095327085245462,True,141,142,2.150106430053711,163.99120235443115,-0.5142857142857147,7.975688380471749,True
141,along_decision_boundary,86.02632019980935,2.4806344686785617e-05,[1 9],2.4806344686785617e-05,1,2.4806344686785617e-05,88.54517514224081,0.2431694412727712,[0 9],0.2431694412727712,1,0.2431694412727712,True,142,143,0.8462622165679932,164.95745277404785,-0.42907801418439717,9802.711537839268,True
142,along_decision_boundary,88.9459711047833,0.25058011960276744,[3 5],0.25058011960276744,1,0.25058011960276744,88.64505082571608,0.019808405844526384,[3 5],0.019808405844526384,1,0.019808405844526384,False,143,144,1.163454294204712,166.30160307884216,-0.35211267605633817,0.0790501891208596,False
143,along_decision_boundary,88.10556972593281,0.13845446475681134,[0 1],0.13845446475681134,1,0.13845446475681134,88.10185423175795,0.38583349400240724,[0 1],0.38583349400240724,1,0.38583349400240724,True,144,145,1.2852487564086914,167.73386096954346,-0.4230769230769225,2.7867176019213638,True
144,along_decision_boundary,88.18593382460831,0.12073440392587556,[3 5],0.12073440392587556,1,0.12073440392587556,88.03546847255748,0.5491993253662769,[3 5],0.5491993253662769,1,0.5491993253662769,True,145,146,0.861752986907959,168.65148210525513,-0.34722222222222193,4.548822104621114,True
145,along_decision_boundary,89.93755709475626,0.28582741952084706,[5 9],0.28582741952084706,1,0.28582741952084706,89.85179480982755,0.018212264647752878,[5 9],0.018212264647752878,1,0.018212264647752878,False,146,147,0.8157353401184082,169.5888524055481,-0.2793103448275863,0.06371769607787595,False
146,along_decision_boundary,88.58070145830692,0.3762881197968457,[4 8],0.3762881197968457,1,0.3762881197968457,88.62801487090238,0.5737549733178393,[4 8],0.5737549733178393,1,0.5737549733178393,True,147,148,1.2209172248840332,170.93028712272644,-0.34246575342465807,1.5247756788803326,True
147,along_decision_boundary,88.51622238615535,0.08189163735664176,[3 6],0.08189163735664176,1,0.08189163735664176,88.64938777478001,0.40593269882996624,[3 6],0.40593269882996624,1,0.40593269882996624,True,148,149,0.7091884613037109,171.78926253318787,-0.27551020408163224,4.956949353230185,True
148,along_decision_boundary,88.94007819285629,0.24137327776254497,[7 8],0.24137327776254497,1,0.24137327776254497,89.3175285031541,0.06208290090972253,[7 8],0.06208290090972253,1,0.06208290090972253,False,149,150,0.8475015163421631,172.6767680644989,-0.21621621621621626,0.25720701763348314,False
149,along_decision_boundary,88.68476418526289,0.15024798923464022,[5 7],0.15024798923464022,1,0.15024798923464022,88.56784911945624,0.09634429098345967,[5 7],0.09634429098345967,1,0.09634429098345967,False,150,151,0.679318904876709,173.4070701599121,-0.27181208053691297,0.6412351438061519,False
150,along_decision_boundary,89.66089107917762,0.2351397950263526,[2 6],0.2351397950263526,1,0.2351397950263526,89.63999498838612,0.04335640429925583,[2 6],0.04335640429925583,1,0.04335640429925583,False,151,152,0.854764461517334,174.39571285247803,-0.3333333333333332,0.184385651498917,False
151,along_decision_boundary,88.9990716276573,0.2614751405562731,[4 5],0.2614751405562731,1,0.2614751405562731,89.12996852248035,0.3460401443637528,[4 5],0.3460401443637528,1,0.3460401443637528,True,152,153,0.8439521789550781,175.59429335594177,-0.4006622516556296,1.323415081172048,True
152,along_decision_boundary,88.73388467526243,0.7024524800091091,[3 7],0.7024524800091091,1,0.7024524800091091,89.15768267299788,0.02843429275386737,[3 7],0.02843429275386737,1,0.02843429275386737,False,153,154,0.8736586570739746,176.55745148658752,-0.32894736842105243,0.04047859971040126,False
153,along_decision_boundary,88.63791675242138,0.32576768861471067,[3 6],0.32576768861471067,1,0.32576768861471067,88.76148403192065,0.21271192081282544,[3 6],0.21271192081282544,1,0.21271192081282544,False,154,155,0.9519450664520264,177.58503484725952,-0.3954248366013068,0.6529558585670612,False
154,along_decision_boundary,89.96381153074076,0.10767020691715878,[2 5],0.10767020691715878,1,0.10767020691715878,89.8651186301414,0.2250561403892738,[2 5],0.2250561403892738,1,0.2250561403892738,True,155,156,0.7497396469116211,178.38245177268982,-0.46753246753246785,2.0902359792289755,True
155,along_decision_boundary,88.18486123360807,0.23111550675588108,[5 9],0.23111550675588108,1,0.23111550675588108,88.24850351579263,0.4532882938064827,[5 9],0.4532882938064827,1,0.4532882938064827,True,156,157,0.8257298469543457,179.3028073310852,-0.3903225806451609,1.9613062756765807,True
156,along_decision_boundary,88.78564131149413,0.18556845001962424,[6 9],0.18556845001962424,1,0.18556845001962424,88.99765463235914,0.5919811134666422,[6 9],0.5919811134666422,1,0.5919811134666422,True,157,158,1.1628775596618652,180.47976851463318,-0.32051282051282043,3.190095694629335,True
157,along_decision_boundary,88.14940801693056,0.3000388516145186,[0 1],0.3000388516145186,1,0.3000388516145186,88.57881082160492,0.002663840391009884,[0 1],0.002663840391009884,1,0.002663840391009884,False,158,159,1.2056424617767334,181.86300230026245,-0.25796178343949033,0.008878318180047931,False
158,along_decision_boundary,89.52451449057467,1.2262288483127017,[0 9],1.2262288483127017,1,1.2262288483127017,87.82606885232644,0.22909258520135078,[1 9],0.22909258520135078,1,0.22909258520135078,False,159,160,1.2960999011993408,183.292649269104,-0.31645569620253167,0.18682694141194245,False
159,along_decision_boundary,89.15353787378987,0.5597124085823371,[3 5],0.5597124085823371,1,0.5597124085823371,89.09687338138664,0.4750233021611318,[3 5],0.4750233021611318,1,0.4750233021611318,False,160,161,1.3021423816680908,184.7059006690979,-0.38050314465408785,0.8486917475427973,False
160,along_decision_boundary,89.43769623538395,0.7347603926059855,[2 7],0.7347603926059855,1,0.7347603926059855,89.59451032706694,0.30964683845317326,[2 7],0.30964683845317326,1,0.30964683845317326,False,161,162,1.0166740417480469,185.83643913269043,-0.4499999999999995,0.4214255988335793,False
161,along_decision_boundary,89.3063441460106,0.8625266086928952,[5 7],0.8625266086928952,1,0.8625266086928952,89.1725649927385,0.17935054763482572,[5 7],0.17935054763482572,1,0.17935054763482572,False,162,163,0.8771193027496338,186.77868485450745,-0.524844720496895,0.20793624895424406,False
162,along_decision_boundary,89.14905145228091,0.29955552852598305,[2 3],0.29955552852598305,1,0.29955552852598305,89.08223021209946,1.6715609563172789,[2 3],1.6715609563172789,1,1.6715609563172789,True,163,164,1.7255830764770508,188.57611989974976,-0.604938271604939,5.580137227119445,True
163,along_decision_boundary,89.46658714334994,0.21013907791980577,[1 9],0.21013907791980577,1,0.21013907791980577,89.07756543339637,0.10009416603483451,[0 9],0.10009416603483451,1,0.10009416603483451,False,164,165,1.3121881484985352,189.92872881889343,-0.5184049079754599,0.47632342839646846,False
164,along_decision_boundary,89.54411669977625,0.04362295643422676,[2 5],0.04362295643422676,1,0.04362295643422676,89.02604802982479,0.09668699123962425,[2 5],0.09668699123962425,1,0.09668699123962425,True,165,166,0.8909294605255127,191.00971293449402,-0.5975609756097556,2.2164245420964455,True
165,along_decision_boundary,88.7945924314548,0.2502119858322803,[0 1],0.2502119858322803,1,0.2502119858322803,88.95051166806675,0.37978960160247593,[0 1],0.37978960160247593,1,0.37978960160247593,True,166,167,1.1846256256103516,192.27086281776428,-0.5121212121212115,1.5178713375347768,True
166,along_decision_boundary,88.96743623493944,0.25670310455238093,[3 6],0.25670310455238093,1,0.25670310455238093,88.73745387954567,0.10929219409751184,[3 6],0.10929219409751184,1,0.10929219409751184,False,167,168,1.0115761756896973,193.5470209121704,-0.43373493975903626,0.425753300834001,False
167,along_decision_boundary,89.79770405869988,0.006756581344071802,[3 7],0.006756581344071802,1,0.006756581344071802,89.75237610967177,0.02533055644597564,[3 7],0.02533055644597564,1,0.02533055644597564,True,168,169,0.9502079486846924,194.79679894447327,-0.5059880239520951,3.7490196825944486,True
168,along_decision_boundary,89.17991659726148,0.4596326511552522,[6 7],0.4596326511552522,1,0.4596326511552522,89.70564116291976,0.4885333109389532,[6 7],0.4885333109389532,1,0.4885333109389532,True,169,170,1.0183851718902588,195.90804815292358,-0.42857142857142816,1.06287773444959,True
169,along_decision_boundary,88.35807570836342,0.02825928481127602,[2 3],0.02825928481127602,1,0.02825928481127602,88.57174995601123,0.17670997645518394,[2 3],0.17670997645518394,1,0.17670997645518394,True,170,171,0.6962296962738037,196.7201178073883,-0.35798816568047337,6.253165203412123,True
170,along_decision_boundary,87.15324241395146,0.2528281210702503,[3 6],0.2528281210702503,1,0.2528281210702503,87.4296440810027,0.08610413045013414,[3 6],0.08610413045013414,1,0.08610413045013414,False,171,172,0.877810001373291,197.6845781803131,-0.29411764705882365,0.3405638980570892,False
171,along_decision_boundary,86.95621872593372,0.029756591050311892,[8 9],0.029756591050311892,1,0.029756591050311892,86.84530508601932,0.5660637372436664,[8 9],0.5660637372436664,1,0.5660637372436664,True,172,173,0.8853878974914551,198.65450310707092,-0.35380116959064384,19.02313797593872,True
172,along_decision_boundary,87.48942138987125,0.08980539660947731,[2 6],0.08980539660947731,1,0.08980539660947731,87.90576492186578,0.7591690171842104,[2 6],0.7591690171842104,1,0.7591690171842104,True,173,174,0.9104530811309814,199.6249647140503,-0.29069767441860456,8.453489944323612,True
173,along_decision_boundary,87.44368321385468,0.009660142626198456,[3 5],0.009660142626198456,1,0.009660142626198456,87.476611196595,0.09078784602036187,[3 5],0.09078784602036187,1,0.09078784602036187,True,174,175,1.0814740657806396,200.84999418258667,-0.2341040462427748,9.398188984719939,True
174,along_decision_boundary,84.32189155702278,0.3229156202113314,[2 4],0.3229156202113314,1,0.3229156202113314,84.79281611310681,0.012407374668892052,[2 4],0.012407374668892052,1,0.012407374668892052,False,175,176,0.7845563888549805,201.76428842544556,-0.1839080459770119,0.03842296219914067,False
175,along_decision_boundary,88.75601635363107,0.1844318917265115,[2 6],0.1844318917265115,1,0.1844318917265115,89.53015497855283,0.03623865073639677,[2 6],0.03623865073639677,1,0.03623865073639677,False,176,177,0.7738497257232666,202.68800282478333,-0.23142857142857098,0.1964879847902551,False
176,along_decision_boundary,88.88793361404434,0.5293376535909227,[0 5],0.5293376535909227,1,0.5293376535909227,89.23560575450365,6.187228108873493e-06,[0 5],6.187228108873493e-06,1,6.187228108873493e-06,False,177,178,0.7314496040344238,203.5073425769806,-0.2840909090909086,1.1688622690829857e-05,False
177,along_decision_boundary,88.07651607907727,0.1457859606127414,[2 4],0.1457859606127414,1,0.1457859606127414,88.50586538947884,0.5462384672456959,[2 4],0.5462384672456959,1,0.5462384672456959,True,178,179,1.0196444988250732,204.56085658073425,-0.34180790960451957,3.746852337151289,True
178,along_decision_boundary,88.13825541531874,0.21860753565170343,[2 3],0.21860753565170343,1,0.21860753565170343,87.8260939517323,0.38366642378593696,[2 3],0.38366642378593696,1,0.38366642378593696,True,179,180,1.2494010925292969,205.8661503791809,-0.2808988764044946,1.7550466530907411,True
179,along_decision_boundary,87.78780147481434,0.11096514588847135,[5 7],0.11096514588847135,1,0.11096514588847135,88.14782649665962,0.16847923607593063,[5 7],0.16847923607593063,1,0.16847923607593063,True,180,181,1.1532502174377441,207.1738202571869,-0.22625698324022347,1.5183077057841696,True
180,along_decision_boundary,85.76007577203015,0.6811407108877351,[2 6],0.6811407108877351,1,0.6811407108877351,86.28470862855757,0.656894276912466,[2 6],0.656894276912466,1,0.656894276912466,False,181,182,1.035630226135254,208.3130326271057,-0.1777777777777774,0.9644031936607217,False
181,along_decision_boundary,88.79924723988663,0.07313983922976035,[5 7],0.07313983922976035,1,0.07313983922976035,88.79968317362452,0.281725435497369,[5 7],0.281725435497369,1,0.281725435497369,True,182,183,0.8414866924285889,209.23049592971802,-0.2237569060773479,3.851873868800301,True
182,along_decision_boundary,88.05189184044188,0.5478314042262986,[5 7],0.5478314042262986,1,0.5478314042262986,88.16974245071539,1.5070089490471013,[5 7],1.5070089490471013,1,1.5070089490471013,True,183,184,0.7848310470581055,210.06192708015442,-0.17582417582417548,2.7508626512119134,True
183,along_decision_boundary,88.0147879177185,0.6049548835702796,[3 5],0.6049548835702796,1,0.6049548835702796,88.13482599709666,0.2779724003782153,[3 5],0.2779724003782153,1,0.2779724003782153,False,184,185,1.3830091953277588,211.51194524765015,-0.13387978142076531,0.45949277859812887,False
184,along_decision_boundary,89.55910267375151,0.15911643237439313,[3 4],0.15911643237439313,1,0.15911643237439313,89.82526959954497,0.4307542353045672,[3 4],0.4307542353045672,1,0.4307542353045672,True,185,186,0.8041911125183105,212.42101645469666,-0.17391304347826064,2.7071637346105377,True
185,along_decision_boundary,89.23696206266068,0.13132522571142513,[6 7],0.13132522571142513,1,0.13132522571142513,89.00112889222753,0.401636335616357,[6 7],0.401636335616357,1,0.401636335616357,True,186,187,1.1816773414611816,213.72369813919067,-0.13243243243243205,3.0583334880300543,True
186,along_decision_boundary,87.31630866750174,0.18842050383408213,[4 8],0.18842050383408213,1,0.18842050383408213,87.32886693452308,0.36847604603447276,[4 8],0.36847604603447276,1,0.36847604603447276,True,187,188,0.7890326976776123,214.61047291755676,-0.09677419354838693,1.9556048229174812,True
187,along_decision_boundary,88.91850287530963,1.925087044620793e-05,[1 2],1.925087044620793e-05,1,1.925087044620793e-05,88.77761920385427,0.015839436787215045,[1 2],0.015839436787215045,1,0.015839436787215045,True,188,189,0.669745683670044,215.35700273513794,-0.06684491978609623,822.7906801136426,True
188,along_decision_boundary,86.4833177208979,0.15722112492846124,[2 4],0.15722112492846124,1,0.15722112492846124,86.52273083050474,0.040670479699586856,[2 4],0.040670479699586856,1,0.040670479699586856,False,189,190,0.6457686424255371,216.0397810935974,-0.042553191489361826,0.25868330173882637,False
189,along_decision_boundary,86.65302238441603,0.06949318744075815,[4 9],0.06949318744075815,1,0.06949318744075815,86.58811368454745,0.07594271718400646,[4 9],0.07594271718400646,1,0.07594271718400646,True,190,191,0.7654273509979248,216.84986901283264,-0.06613756613756641,1.0928080863861143,True
190,along_decision_boundary,89.96341741775416,0.1100438298025026,[3 6],0.1100438298025026,1,0.1100438298025026,89.5802770340522,0.3849035083149376,[3 6],0.3849035083149376,1,0.3849035083149376,True,191,192,1.08945631980896,217.9968864917755,-0.042105263157894555,3.4977291230751417,True
191,along_decision_boundary,87.37184354220678,5.50505934146923e-06,[0 8],5.50505934146923e-06,1,5.50505934146923e-06,87.14866230320212,0.2581546792841232,[0 8],0.2581546792841232,1,0.2581546792841232,True,192,193,1.1029582023620605,219.27621340751648,-0.02356020942408365,46894.07747877701,True
192,along_decision_boundary,88.6751453357712,0.3098377516666613,[4 5],0.3098377516666613,1,0.3098377516666613,88.70994999728458,0.1181920607119821,[4 5],0.1181920607119821,1,0.1181920607119821,False,193,194,1.244835615158081,220.60097575187683,-0.010416666666666593,0.3814643634489671,False
193,along_decision_boundary,88.72175025739415,0.07587785941167345,[3 7],0.07587785941167345,1,0.07587785941167345,88.64589057141956,0.06097229835939609,[3 7],0.06097229835939609,1,0.06097229835939609,False,194,195,0.8727881908416748,221.48774695396423,-0.02331606217616597,0.8035584929800457,False
194,along_decision_boundary,89.50776609547422,0.07579028359976821,[5 7],0.07579028359976821,1,0.07579028359976821,89.94520260780325,0.21549229111838644,[5 7],0.21549229111838644,1,0.21549229111838644,True,195,196,1.055286169052124,222.5940339565277,-0.04123711340206201,2.8432706790801014,True
195,along_decision_boundary,89.32602525828828,0.31304760420906497,[3 7],0.31304760420906497,1,0.31304760420906497,89.74581875538685,0.3993216533897235,[3 7],0.3993216533897235,1,0.3993216533897235,True,196,197,0.7971682548522949,223.4462127685547,-0.02307692307692291,1.2755940247446884,True
196,along_decision_boundary,87.98956603224943,0.15145372847612212,[3 6],0.15145372847612212,1,0.15145372847612212,87.8370313637761,0.46556297835121313,[3 6],0.46556297835121313,1,0.46556297835121313,True,197,198,0.776763916015625,224.3095703125,-0.010204081632653085,3.073961816823894,True
197,along_decision_boundary,87.41965380350008,0.4818085912719388,[6 9],0.4818085912719388,1,0.4818085912719388,87.46910652769976,0.022906790450067858,[6 9],0.022906790450067858,1,0.022906790450067858,False,198,199,0.9533801078796387,225.3504798412323,-0.002538071065989863,0.04754334161953326,False
198,along_decision_boundary,87.20778878851756,0.5046226882553797,[0 1],0.5046226882553797,1,0.5046226882553797,87.61463135282322,0.6555729155316994,[0 1],0.6555729155316994,1,0.6555729155316994,True,199,200,0.8998794555664062,226.36491107940674,-0.01010101010101001,1.2991348403263365,True
199,along_decision_boundary,88.58675818076624,0.5170431819553203,[3 7],0.5170431819553203,1,0.5170431819553203,88.66800707935779,0.23037644374627636,[3 7],0.23037644374627636,1,0.23037644374627636,False,200,201,0.937110424041748,227.3255798816681,-0.0025125628140703735,0.44556519027105956,False
200,along_decision_boundary,88.29677790497288,1.2077406581035603,[4 8],1.2077406581035603,1,1.2077406581035603,88.44622942223133,0.5762602957044713,[4 8],0.5762602957044713,1,0.5762602957044713,False,201,202,0.8656749725341797,228.30378460884094,-0.010000000000000018,0.4771391041925647,False
201,along_decision_boundary,89.89027132090568,0.6401016361380527,[3 9],0.6401016361380527,1,0.6401016361380527,89.56840669996875,0.1721265498110218,[3 9],0.1721265498110218,1,0.1721265498110218,False,202,203,0.9633350372314453,229.33014225959778,-0.022388059701492668,0.26890503022226103,False
202,along_decision_boundary,88.11841025690892,0.45089995322592746,[1 8],0.45089995322592746,1,0.45089995322592746,89.69504093919758,0.06016285375677616,[0 8],0.06016285375677616,1,0.06016285375677616,False,203,204,0.8425166606903076,230.2188756465912,-0.039603960396039674,0.13342838766415002,False
203,along_decision_boundary,89.5135112788389,0.14846029342995654,[3 5],0.14846029342995654,1,0.14846029342995654,89.29466895521831,0.3073788588010111,[3 5],0.3073788588010111,1,0.3073788588010111,True,204,205,1.4280853271484375,231.77355098724365,-0.061576354679802804,2.0704449095409627,True
204,along_decision_boundary,89.98480531999705,1.095103820897672,[5 7],1.095103820897672,1,1.095103820897672,89.79393857558979,0.19266170021759935,[5 7],0.19266170021759935,1,0.19266170021759935,False,205,206,1.496340274810791,233.36354994773865,-0.03921568627450997,0.17593007762466928,False
205,along_decision_boundary,88.38115219358302,0.6788580441225212,[3 4],0.6788580441225212,1,0.6788580441225212,88.84554571842321,0.1792919368335247,[3 4],0.1792919368335247,1,0.1792919368335247,False,206,207,0.7256247997283936,234.1467685699463,-0.060975609756097664,0.26410814217466333,False
206,along_decision_boundary,88.77691601350463,0.48260343239807385,[3 5],0.48260343239807385,1,0.48260343239807385,89.05893664818811,0.48105775119356925,[3 5],0.48105775119356925,1,0.48105775119356925,False,207,208,0.6745874881744385,235.02473616600037,-0.08737864077669895,0.9967972022146132,False
207,along_decision_boundary,88.10494308126994,0.6391074986583857,[3 5],0.6391074986583857,1,0.6391074986583857,88.14324180405168,0.5550523245453711,[3 5],0.5550523245453711,1,0.5550523245453711,False,208,209,1.139502763748169,236.29010200500488,-0.11835748792270559,0.8684803819553625,False
208,along_decision_boundary,88.86950290140064,0.014820664812728458,[1 8],0.014820664812728458,1,0.014820664812728458,88.82741119749934,1.3751051836952743e-06,[1 8],1.3751051836952743e-06,1,1.3751051836952743e-06,False,209,210,0.7257928848266602,237.0579035282135,-0.15384615384615363,9.278296224028292e-05,False
209,along_decision_boundary,88.87493897753801,0.1286595762845657,[6 7],0.1286595762845657,1,0.1286595762845657,88.59653527359765,0.10120040868044756,[6 7],0.10120040868044756,1,0.10120040868044756,False,210,211,0.6450860500335693,237.7877459526062,-0.19377990430622014,0.7865750191545423,False
210,along_decision_boundary,89.12296034730424,0.12370954795113236,[6 7],0.12370954795113236,1,0.12370954795113236,88.7276389990712,0.7280091113308518,[6 7],0.7280091113308518,1,0.7280091113308518,True,211,212,0.7524807453155518,238.57377696037292,-0.2380952380952386,5.884825572383704,True
211,along_decision_boundary,88.76971325924703,0.22903779911461802,[3 6],0.22903779911461802,1,0.22903779911461802,88.81552971405421,0.04816463963709188,[3 6],0.04816463963709188,1,0.04816463963709188,False,212,213,1.1406924724578857,239.84900403022766,-0.1919431279620853,0.21029122626605715,False
212,along_decision_boundary,88.09388834899717,0.05368813576804122,[0 1],0.05368813576804122,1,0.05368813576804122,88.1223251521159,0.2800516138452578,[0 1],0.2800516138452578,1,0.2800516138452578,True,213,214,0.9134547710418701,240.79944729804993,-0.23584905660377345,5.2162663098457465,True
213,along_decision_boundary,89.70989807537376,0.022686149749753293,[1 9],0.022686149749753293,1,0.022686149749753293,89.9446264947713,1.3748178625589847e-06,[1 9],1.3748178625589847e-06,1,1.3748178625589847e-06,False,214,215,0.6916389465332031,241.58121967315674,-0.19014084507042303,6.0601639225886515e-05,False
214,along_decision_boundary,89.6981874032886,0.14045327588068804,[0 1],0.14045327588068804,1,0.14045327588068804,89.72470115124604,0.6730285036937863,[0 1],0.6730285036937863,1,0.6730285036937863,True,215,216,1.1152746677398682,242.74824142456055,-0.23364485981308417,4.791832012985651,True
215,along_decision_boundary,87.5952440232909,0.20494301011253932,[4 7],0.20494301011253932,1,0.20494301011253932,87.84394969775424,0.0634074642030372,[4 7],0.0634074642030372,1,0.0634074642030372,False,216,217,0.8609225749969482,243.63327813148499,-0.1883720930232557,0.3093907138780609,False
216,along_decision_boundary,87.4741507949448,0.091287879304096,[2 6],0.091287879304096,1,0.091287879304096,87.4977580822886,0.1332372472701352,[2 6],0.1332372472701352,1,0.1332372472701352,True,217,218,1.0798008441925049,244.81364274024963,-0.2314814814814813,1.4595283435854443,True
217,along_decision_boundary,88.80109726249952,0.16119067433877615,[2 4],0.16119067433877615,1,0.16119067433877615,89.38268755672827,0.6675343182029387,[2 4],0.6675343182029387,1,0.6675343182029387,True,218,219,1.4547278881072998,246.2984585762024,-0.18663594470046121,4.141271329382088,True
218,along_decision_boundary,87.57197978705302,0.06969912812286366,[6 9],0.06969912812286366,1,0.06969912812286366,87.16404443769555,0.07073780317717884,[6 9],0.07073780317717884,1,0.07073780317717884,True,219,220,0.8973832130432129,247.2268030643463,-0.14678899082568808,1.0149022675360333,True
219,along_decision_boundary,88.57527313366919,0.054071779625416365,[0 9],0.054071779625416365,1,0.054071779625416365,88.77703237674798,2.062695696002163e-06,[0 9],2.062695696002163e-06,1,2.062695696002163e-06,False,220,221,0.6662349700927734,248.00523614883423,-0.11187214611872183,3.8147360976308536e-05,False
220,along_decision_boundary,89.87608771384924,0.683210828797889,[3 6],0.683210828797889,1,0.683210828797889,89.21558837167177,3.7842217304750188,[3 6],3.7842217304750188,1,3.7842217304750188,True,221,222,1.2012217044830322,249.24897384643555,-0.14545454545454556,5.538878441276122,True
221,along_decision_boundary,89.44991629456845,0.20906984123177827,[5 6],0.20906984123177827,1,0.20906984123177827,89.14077475893497,0.3015271964886636,[5 6],0.3015271964886636,1,0.3015271964886636,True,222,223,0.7836675643920898,250.14218759536743,-0.11085972850678733,1.4422319102179142,True
222,along_decision_boundary,88.30971072012808,0.08625834935829794,[1 5],0.08625834935829794,1,0.08625834935829794,89.76948615112768,0.34960886003283664,[0 5],0.34960886003283664,1,0.34960886003283664,True,223,224,1.3519914150238037,251.61579608917236,-0.08108108108108075,4.053043706883834,True
223,along_decision_boundary,86.30876398015873,0.5296791940814335,[0 8],0.5296791940814335,1,0.5296791940814335,86.8273517175108,0.6986091450211666,[1 8],0.6986091450211666,1,0.6986091450211666,True,224,225,1.485915184020996,253.2312297821045,-0.05605381165919259,1.318928802239798,True
224,along_decision_boundary,87.8938745490198,0.2807706160929929,[0 1],0.2807706160929929,1,0.2807706160929929,87.72355583302229,1.9897023247181644,[0 1],1.9897023247181644,1,1.9897023247181644,True,225,226,1.0775234699249268,254.38777446746826,-0.03571428571428591,7.086576054166448,True
225,along_decision_boundary,86.9691943100222,0.20905084300685522,[4 6],0.20905084300685522,1,0.20905084300685522,86.96108988385363,0.019654529573934494,[4 6],0.019654529573934494,1,0.019654529573934494,False,226,227,0.8555872440338135,255.33597993850708,-0.019999999999999924,0.09401793980467221,False
226,along_decision_boundary,88.2613294657149,0.12415366071084562,[3 5],0.12415366071084562,1,0.12415366071084562,88.5564591636153,0.04688102265575437,[3 5],0.04688102265575437,1,0.04688102265575437,False,227,228,0.8024718761444092,256.17744851112366,-0.035398230088495686,0.37760483571193654,False
227,along_decision_boundary,89.68438861939323,1.1016439288402549,[7 9],1.1016439288402549,1,1.1016439288402549,89.87528424074442,0.5680146417783508,[7 9],0.5680146417783508,1,0.5680146417783508,False,228,229,1.1463816165924072,257.4397807121277,-0.05506607929515393,0.5156063832497337,False
228,along_decision_boundary,89.81483335275041,0.7550198773095395,[3 5],0.7550198773095395,1,0.7550198773095395,89.60265859180925,0.0995391603259998,[3 5],0.0995391603259998,1,0.0995391603259998,False,229,230,0.9356663227081299,258.4364457130432,-0.07894736842105246,0.1318364765186059,False
229,along_decision_boundary,88.16594079378828,0.5593339658355212,[2 4],0.5593339658355212,1,0.5593339658355212,88.01382351352116,0.6720791524308354,[2 4],0.6720791524308354,1,0.6720791524308354,True,230,231,1.6150496006011963,260.1520731449127,-0.1069868995633185,1.2015704274760033,True
230,along_decision_boundary,88.51477353470084,0.6437293891078486,[5 7],0.6437293891078486,1,0.6437293891078486,88.24186860386017,0.09404671283832175,[5 7],0.09404671283832175,1,0.09404671283832175,False,231,232,1.0953333377838135,261.39005064964294,-0.07826086956521716,0.14609665867308325,False
231,along_decision_boundary,89.4205081500263,0.5428846572803817,[0 1],0.5428846572803817,1,0.5428846572803817,89.84399180236804,0.5128877764978945,[0 1],0.5128877764978945,1,0.5128877764978945,False,232,233,1.051642656326294,262.6042151451111,-0.10606060606060587,0.944745388582616,False
232,along_decision_boundary,89.5439091198294,0.08217267910548634,[1 8],0.08217267910548634,1,0.08217267910548634,89.22568095162707,0.347619907846787,[1 8],0.347619907846787,1,0.347619907846787,True,233,234,1.0183775424957275,263.8509442806244,-0.13793103448275829,4.2303586986684705,True
233,along_decision_boundary,89.76994248977923,0.12233840914594925,[3 6],0.12233840914594925,1,0.12233840914594925,89.69335329160461,0.18493412479602442,[3 6],0.18493412479602442,1,0.18493412479602442,True,234,235,0.7800962924957275,264.80306363105774,-0.10515021459227504,1.5116603696832343,True
234,along_decision_boundary,85.4682073996507,0.7384792918999311,[1 6],0.7384792918999311,1,0.7384792918999311,89.72187078965688,0.3882292627648837,[0 6],0.3882292627648837,1,0.3882292627648837,False,235,236,1.5163216590881348,266.3323709964752,-0.07692307692307704,0.5257144878985873,False
235,along_decision_boundary,88.17060019697612,0.16236893197027158,[2 4],0.16236893197027158,1,0.16236893197027158,88.45403175050615,0.16583926272528346,[2 4],0.16583926272528346,1,0.16583926272528346,True,236,237,0.6568858623504639,267.27374815940857,-0.10425531914893647,1.0213731205403709,True
236,along_decision_boundary,88.82811559596892,0.04405492124007703,[2 7],0.04405492124007703,1,0.04405492124007703,88.9665013153612,1.2098075039200658,[2 7],1.2098075039200658,1,1.2098075039200658,True,237,238,1.1812968254089355,268.6327829360962,-0.07627118644067822,27.46134756040595,True
237,along_decision_boundary,88.49747667927768,0.012190571312437845,[2 8],0.012190571312437845,1,0.012190571312437845,88.41185466832485,1.052748350386365,[2 8],1.052748350386365,1,1.052748350386365,True,238,239,1.80720853805542,270.4896824359894,-0.052742616033755095,86.35758927165807,True
238,along_decision_boundary,88.34959847411602,1.6371173205898935,[8 9],1.6371173205898935,1,1.6371173205898935,88.33964958519404,1.2615941760213605,[8 9],1.2615941760213605,1,1.2615941760213605,False,239,240,1.6490869522094727,272.1667423248291,-0.03361344537815147,0.7706192831475127,False
239,along_decision_boundary,89.90645882545282,0.36437514685433514,[3 4],0.36437514685433514,1,0.36437514685433514,89.89851746495273,0.5328821157007594,[3 4],0.5328821157007594,1,0.5328821157007594,True,240,241,1.134352207183838,273.3861041069031,-0.05230125523012552,1.4624546166256165,True
240,along_decision_boundary,88.82656060776357,0.3839648771516094,[3 6],0.3839648771516094,1,0.3839648771516094,88.56339185471997,0.12694653043171,[3 6],0.12694653043171,1,0.12694653043171,False,241,242,1.0349295139312744,274.48920607566833,-0.03333333333333354,0.33062016342079353,False
241,along_decision_boundary,88.81589700491975,0.04819282302707239,[4 8],0.04819282302707239,1,0.04819282302707239,88.66864674346272,0.09144659461034199,[4 8],0.09144659461034199,1,0.09144659461034199,True,242,243,0.6746995449066162,275.1989197731018,-0.05186721991701264,1.8975147930008527,True
242,along_decision_boundary,88.89962941719395,0.14019878110618914,[1 9],0.14019878110618914,1,0.14019878110618914,87.77215591544298,0.8166387178704065,[0 9],0.8166387178704065,1,0.8166387178704065,True,243,244,1.282541036605835,276.5871193408966,-0.0330578512396692,5.824863179458524,True
243,along_decision_boundary,88.58101209228232,0.49464154019688,[3 6],0.49464154019688,1,0.49464154019688,88.68666124670261,0.11962471313766229,[3 6],0.11962471313766229,1,0.11962471313766229,False,244,245,1.0147361755371094,277.6719868183136,-0.018518518518518684,0.2418412191787382,False
244,along_decision_boundary,89.62845738984883,1.5452210910849562,[0 8],1.5452210910849562,1,1.5452210910849562,89.40853958920084,0.6356737371355569,[1 8],0.6356737371355569,1,0.6356737371355569,False,245,246,2.012730598449707,279.7934947013855,-0.03278688524590171,0.4113804430984223,False
245,along_decision_boundary,89.62103693863538,0.51652669091046,[2 3],0.51652669091046,1,0.51652669091046,89.30091840306167,0.5194528203206312,[2 3],0.5194528203206312,1,0.5194528203206312,True,246,247,1.1942260265350342,281.0657503604889,-0.05102040816326542,1.0056650110471803,True
246,along_decision_boundary,88.9838169129201,0.680277187584873,[3 5],0.680277187584873,1,0.680277187584873,89.16239947779918,0.3385292336620988,[3 5],0.3385292336620988,1,0.3385292336620988,False,247,248,0.737391471862793,281.8456575870514,-0.032520325203251946,0.49763425827043933,False
247,along_decision_boundary,89.27452770821392,0.47864030802898283,[4 7],0.47864030802898283,1,0.47864030802898283,89.19936077177542,0.08844237768218394,[4 7],0.08844237768218394,1,0.08844237768218394,False,248,249,1.0498709678649902,283.1326630115509,-0.05060728744939256,0.1847783736526188,False
248,along_decision_boundary,89.87050011110725,1.0688646893553477,[1 8],1.0688646893553477,1,1.0688646893553477,88.21069263296339,1.5166823856724934,[0 8],1.5166823856724934,1,1.5166823856724934,True,249,250,1.1117784976959229,284.31914258003235,-0.0725806451612902,1.4189657500868822,True
249,along_decision_boundary,85.62433854271264,0.2865749059554295,[5 9],0.2865749059554295,1,0.2865749059554295,85.87920114075322,0.36751899456512555,[5 9],0.36751899456512555,1,0.36751899456512555,True,250,251,1.493725061416626,285.89155411720276,-0.050200803212851544,1.2824535119006029,True
250,along_decision_boundary,89.84547968601437,0.13940216124860583,[2 9],0.13940216124860583,1,0.13940216124860583,89.92312223670774,1.3109545988833193,[2 9],1.3109545988833193,1,1.3109545988833193,True,251,252,1.1661250591278076,287.0817129611969,-0.032000000000000056,9.404119614368105,True
251,along_decision_boundary,89.27034546088368,0.4828687757426848,[6 9],0.4828687757426848,1,0.4828687757426848,89.34851351792089,0.03184901236445563,[6 9],0.03184901236445563,1,0.03184901236445563,False,252,253,0.7765991687774658,287.9210467338562,-0.017928286852589608,0.06595790401951275,False
252,along_decision_boundary,89.92811227078812,0.04159925220103084,[2 5],0.04159925220103084,1,0.04159925220103084,89.99796109164522,0.0603544760182316,[2 5],0.0603544760182316,1,0.0603544760182316,True,253,254,0.8006887435913086,288.81025862693787,-0.031746031746031966,1.450854830912946,True
253,along_decision_boundary,89.22042717336035,0.3183340225218618,[2 4],0.3183340225218618,1,0.3183340225218618,89.07010629489649,0.6526479062006946,[2 4],0.6526479062006946,1,0.6526479062006946,True,254,255,1.0557243824005127,289.9618785381317,-0.017786561264822264,2.0501984080444102,True
254,along_decision_boundary,87.71416870425479,0.8211602299377768,[3 7],0.8211602299377768,1,0.8211602299377768,88.15885132666965,0.0356873691946985,[3 7],0.0356873691946985,1,0.0356873691946985,False,255,256,1.5844171047210693,291.6459050178528,-0.007874015748031468,0.04345969019639772,False
255,along_decision_boundary,89.54313749724692,0.4353105291964182,[5 9],0.4353105291964182,1,0.4353105291964182,89.62275313902157,0.029396291587270727,[5 9],0.029396291587270727,1,0.029396291587270727,False,256,257,0.8026342391967773,292.61029076576233,-0.017647058823529287,0.06752947520368088,False
256,along_decision_boundary,88.95500427910257,0.05628612955376487,[7 9],0.05628612955376487,1,0.05628612955376487,88.62120650736694,0.1487151051594971,[7 9],0.1487151051594971,1,0.1487151051594971,True,257,258,0.8004412651062012,293.5725111961365,-0.03125,2.642127045126517,True
257,along_decision_boundary,88.33391177879989,0.28289131259890965,[3 7],0.28289131259890965,1,0.28289131259890965,88.06584945783729,0.3182617829495253,[3 7],0.3182617829495253,1,0.3182617829495253,True,258,259,0.9488217830657959,294.56294465065,-0.01750972762645902,1.125032013269226,True
258,along_decision_boundary,86.32406938020547,7.577083504490436e-06,[1 2],7.577083504490436e-06,1,7.577083504490436e-06,87.66486375837377,0.40590126771852697,[0 2],0.40590126771852697,1,0.40590126771852697,True,259,260,0.7774033546447754,295.3951301574707,-0.007751937984496152,53569.591450058084,True
259,along_decision_boundary,87.14427848174189,1.0681878242231808,[4 9],1.0681878242231808,1,1.0681878242231808,87.19689621223607,0.06700077014210094,[4 9],0.06700077014210094,1,0.06700077014210094,False,260,261,1.2547035217285156,296.74481177330017,-0.0019305019305019227,0.06272377256389902,False
260,along_decision_boundary,85.90252426111594,0.16514998433237676,[3 7],0.16514998433237676,1,0.16514998433237676,85.86210359885895,0.17624975109951754,[3 7],0.17624975109951754,1,0.17624975109951754,True,261,262,0.7621490955352783,297.8021583557129,-0.007692307692307637,1.067210219922284,True
261,along_decision_boundary,89.85434983137475,0.06680808387470749,[3 5],0.06680808387470749,1,0.06680808387470749,89.66230420609462,0.08432656629610032,[3 5],0.08432656629610032,1,0.08432656629610032,True,262,263,0.7495629787445068,298.6175663471222,-0.0019157088122605686,1.2622209978997025,True
262,along_decision_boundary,87.33065476801669,0.017437855386845825,[3 7],0.017437855386845825,1,0.017437855386845825,87.6090963667882,0.7945196672762689,[3 7],0.7945196672762689,1,0.7945196672762689,True,263,264,1.0726280212402344,299.7748477458954,-0.0,45.562923286748415,True
263,along_decision_boundary,89.89609555106564,0.21488703454722227,[3 6],0.21488703454722227,1,0.21488703454722227,89.68969224804181,0.01749961763891926,[3 6],0.01749961763891926,1,0.01749961763891926,False,264,265,0.6743454933166504,300.46619415283203,-0.001901140684410679,0.08143635876306744,False
264,along_decision_boundary,89.89146027873379,0.6560178983582127,[3 9],0.6560178983582127,1,0.6560178983582127,89.76670062760172,1.5581139115174496,[3 9],1.5581139115174496,1,1.5581139115174496,True,265,266,0.9609618186950684,301.59854221343994,-0.0,2.3751088429399156,True
265,along_decision_boundary,88.66772191934123,0.15003311727397092,[3 5],0.15003311727397092,1,0.15003311727397092,88.56848635615185,0.4598604036814537,[3 5],0.4598604036814537,1,0.4598604036814537,True,266,267,0.8859930038452148,302.5503902435303,-0.0018867924528301878,3.0650593151491785,True
266,along_decision_boundary,89.07682737462576,0.1750087648938384,[4 8],0.1750087648938384,1,0.1750087648938384,89.87390079957198,0.04983449530096455,[4 8],0.04983449530096455,1,0.04983449530096455,False,267,268,0.8880176544189453,303.5533413887024,-0.007518796992481314,0.28475428262804164,False
267,along_decision_boundary,86.97153724189191,0.3740745152423781,[0 1],0.3740745152423781,1,0.3740745152423781,87.10325414786601,0.6040822600073501,[0 1],0.6040822600073501,1,0.6040822600073501,True,268,269,1.6301496028900146,305.3464891910553,-0.0018726591760299717,1.6148714638203583,True
268,along_decision_boundary,87.40834466624524,0.11382411844895807,[3 5],0.11382411844895807,1,0.11382411844895807,88.42248940612919,0.18507035914724207,[3 5],0.18507035914724207,1,0.18507035914724207,True,269,270,0.9710192680358887,306.431099653244,-0.007462686567164222,1.6259327255869134,True
269,along_decision_boundary,89.29886542657555,0.3214872700825736,[8 9],0.3214872700825736,1,0.3214872700825736,89.16620227094393,1.388785803301481,[8 9],1.388785803301481,1,1.388785803301481,True,270,271,1.8496718406677246,308.36850476264954,-0.016728624535316095,4.319878055963999,True
270,along_decision_boundary,87.84948378610376,0.5764948518911396,[2 5],0.5764948518911396,1,0.5764948518911396,88.98649008713454,0.5805909057108751,[2 5],0.5805909057108751,1,0.5805909057108751,True,271,272,1.1674044132232666,309.6184310913086,-0.029629629629629714,1.0071051004294294,True
271,along_decision_boundary,89.98065543255285,0.08327405860926884,[3 6],0.08327405860926884,1,0.08327405860926884,89.8399283042319,0.06778975206447611,[3 6],0.06778975206447611,1,0.06778975206447611,False,272,273,0.7256333827972412,310.43576884269714,-0.04612546125461241,0.8140560601537771,False
272,along_decision_boundary,89.58568332336895,0.4062718602466966,[1 9],0.4062718602466966,1,0.4062718602466966,89.90171550937116,0.05869679713582488,[0 9],0.05869679713582488,1,0.05869679713582488,False,273,274,1.0000557899475098,311.5154469013214,-0.029411764705882144,0.14447664945384842,False
273,along_decision_boundary,87.50686168372856,0.7995820263951041,[2 6],0.7995820263951041,1,0.7995820263951041,87.53237846285782,0.3254295489225577,[2 6],0.3254295489225577,1,0.3254295489225577,False,274,275,1.1267530918121338,312.72601985931396,-0.016483516483516366,0.40699958000525455,False
274,along_decision_boundary,88.43750750466712,0.26426516528320787,[3 5],0.26426516528320787,1,0.26426516528320787,88.46493752134121,0.7040286119258758,[3 5],0.7040286119258758,1,0.7040286119258758,True,275,276,2.345938205718994,315.2242178916931,-0.007299270072992683,2.6640991867822685,True
275,along_decision_boundary,87.19839615528898,0.13377487667242735,[2 8],0.13377487667242735,1,0.13377487667242735,87.00685367598675,0.20764420244738108,[2 8],0.20764420244738108,1,0.20764420244738108,True,276,277,0.9734287261962891,316.2331585884094,-0.01636363636363624,1.5521913203167177,True
276,along_decision_boundary,89.89151843097723,0.09181664523534176,[7 9],0.09181664523534176,1,0.09181664523534176,89.45919509459233,0.01642292326440268,[7 9],0.01642292326440268,1,0.01642292326440268,False,277,278,0.6763720512390137,316.95806980133057,-0.028985507246376628,0.17886651404337328,False
277,along_decision_boundary,88.49825017202282,0.2176079472252234,[2 4],0.2176079472252234,1,0.2176079472252234,88.45260721050293,0.21952769238869174,[2 4],0.21952769238869174,1,0.21952769238869174,True,278,279,0.7973880767822266,317.84247303009033,-0.01624548736462107,1.0088220360880544,True
278,along_decision_boundary,87.31178146097764,0.4773634870805326,[2 6],0.4773634870805326,1,0.4773634870805326,87.4498285773457,1.4748773035266973,[2 6],1.4748773035266973,1,1.4748773035266973,True,279,280,1.200387716293335,319.0827579498291,-0.028776978417266272,3.089631577284589,True
279,along_decision_boundary,89.96144544267368,0.2148283001040569,[3 6],0.2148283001040569,1,0.2148283001040569,89.89977749885522,0.7148646226318427,[3 6],0.7148646226318427,1,0.7148646226318427,True,280,281,0.9677984714508057,320.498095035553,-0.04480286738351228,3.3276091757258333,True
280,along_decision_boundary,89.66387358908618,0.34080293582270516,[3 6],0.34080293582270516,1,0.34080293582270516,89.9407264259667,1.8079662636085914,[3 6],1.8079662636085914,1,1.8079662636085914,True,281,282,1.8083679676055908,322.5051336288452,-0.0642857142857145,5.305019627381215,True
281,along_decision_boundary,87.39695271952856,0.004174815798093277,[1 9],0.004174815798093277,1,0.004174815798093277,87.306827309899,1.1293496302909003,[0 9],1.1293496302909003,1,1.1293496302909003,True,282,283,1.2164421081542969,323.8291459083557,-0.08718861209964433,270.51484063241713,True
282,along_decision_boundary,89.92820216231851,0.614182076201684,[0 1],0.614182076201684,1,0.614182076201684,89.43181207791919,0.11499949136407768,[0 1],0.11499949136407768,1,0.11499949136407768,False,283,284,1.048792839050293,325.04694724082947,-0.11347517730496487,0.18724006417652989,False
283,along_decision_boundary,88.33588833725297,0.5074055631083171,[2 6],0.5074055631083171,1,0.5074055631083171,87.6134096527072,0.5298416764111061,[2 6],0.5298416764111061,1,0.5298416764111061,True,284,285,1.2709834575653076,326.57034182548523,-0.08657243816254385,1.044217318322936,True
284,along_decision_boundary,88.2062939203603,0.006426294907870058,[0 1],0.006426294907870058,1,0.006426294907870058,88.39470366328212,0.12196908277781932,[0 1],0.12196908277781932,1,0.12196908277781932,True,285,286,1.028620719909668,327.6116876602173,-0.11267605633802788,18.97968962309029,True
285,along_decision_boundary,88.94632306080943,2.50007738855439,[4 7],2.50007738855439,1,2.50007738855439,89.142863422312,0.357260947261004,[4 7],0.357260947261004,1,0.357260947261004,False,286,287,1.7439696788787842,329.44218134880066,-0.14210526315789462,0.14289995537601402,False
286,along_decision_boundary,88.38367275609687,0.37493451288880364,[4 6],0.37493451288880364,1,0.37493451288880364,88.99306096768876,0.15414631385786406,[4 6],0.15414631385786406,1,0.15414631385786406,False,287,288,1.040095329284668,330.5310866832733,-0.1118881118881123,0.4111286332917025,False
287,along_decision_boundary,87.52351754135694,0.025210196760341013,[3 7],0.025210196760341013,1,0.025210196760341013,87.99118910067561,0.12265270498056408,[3 7],0.12265270498056408,1,0.12265270498056408,True,288,289,0.7315173149108887,331.30161023139954,-0.08536585365853673,4.865202209508855,True
288,along_decision_boundary,88.94515766232736,0.24944114976734832,[3 7],0.24944114976734832,1,0.24944114976734832,88.79165425818408,0.03505463595147857,[3 7],0.03505463595147857,1,0.03505463595147857,False,289,290,0.9243946075439453,332.37677526474,-0.11111111111111122,0.14053269071351593,False
289,along_decision_boundary,89.47628331084144,0.06117985986386063,[3 6],0.06117985986386063,1,0.06117985986386063,89.08583736280985,0.02600041558145111,[3 6],0.02600041558145111,1,0.02600041558145111,False,290,291,0.7777106761932373,333.29971528053284,-0.08477508650519058,0.42498324839756185,False
290,along_decision_boundary,88.94854937693948,0.1972583061148318,[3 5],0.1972583061148318,1,0.1972583061148318,89.01326089126992,0.09064139259874884,[3 5],0.09064139259874884,1,0.09064139259874884,False,291,292,0.8915987014770508,334.294095993042,-0.06206896551724163,0.45950608815419375,False
291,along_decision_boundary,88.82570030241098,0.3244906441970058,[4 8],0.3244906441970058,1,0.3244906441970058,88.77291754990814,0.19134144713390988,[4 8],0.19134144713390988,1,0.19134144713390988,False,292,293,0.794858455657959,335.1781892776489,-0.04295532646048135,0.5896670691612977,False
